('cameraMat:', array([[ 809.03831775,    0.        ,  331.97949948],
       [   0.        ,  813.86815403,  167.5548825 ],
       [   0.        ,    0.        ,    1.        ]]))
('dist :', array([[ 0.39149932, -1.01624603,  0.00511406, -0.01569545, -1.25410013]]))


left:
('cameraMat:', array([[  1.61856750e+03,   0.00000000e+00,   4.26556136e+02],
       [  0.00000000e+00,   1.68036307e+03,   1.26740723e+02],
       [  0.00000000e+00,   0.00000000e+00,   1.00000000e+00]]))
('dist :', array([[ -8.63340924e-01,   1.74123307e+01,  -3.13782467e-02,
         -1.89275042e-03,  -9.64810959e+01]]))

right:
('cameraMat:', array([[  1.59179633e+03,   0.00000000e+00,   3.05048314e+02],
       [  0.00000000e+00,   1.68640920e+03,   1.88519657e+02],
       [  0.00000000e+00,   0.00000000e+00,   1.00000000e+00]]))
('dist :', array([[ -6.88550371e-01,   2.54705308e+01,  -1.03973205e-02,
          1.33770769e-02,  -3.22392278e+02]]))
